	Iozone: Performance Test of File I/O
	        Version $Revision: 3.308 $
		Compiled for 64 bit mode.
		Build: linux 

	Contributors:William Norcott, Don Capps, Isom Crawford, Kirby Collins
	             Al Slater, Scott Rhine, Mike Wisner, Ken Goss
	             Steve Landherr, Brad Smith, Mark Kelly, Dr. Alain CYR,
	             Randy Dunlap, Mark Montague, Dan Million, Gavin Brebner,
	             Jean-Marc Zucconi, Jeff Blomberg, Benny Halevy,
	             Erik Habbinga, Kris Strecker, Walter Wong, Joshua Root.

	Run began: Thu Nov 15 15:08:56 2012

	Auto Mode
	Cross over of record size disabled.
	Using maximum file size of 8192 kilobytes.
	Command line used: iozone -az -g 8M iozone-test
	Output is in Kbytes/sec
	Time Resolution = 0.000001 seconds.
	Processor cache size set to 1024 Kbytes.
	Processor cache line size set to 32 bytes.
	File stride size set to 17 * record size.
                                                            random  random    bkwd   record   stride                                   
              KB  reclen   write rewrite    read    reread    read   write    read  rewrite     read   fwrite frewrite   fread  freread
              64       4  361380  771797  1183548  1690338 1363961  771797 1143223   855419  1255511   495445   615952 1484662  1690338
              64       8  426219 1066042  2561267  2561267 2278628 1188789 1679761  1330167  1991276   688639   983980 2358717  2467108
              64      16  457452 1124074  2772930  3022727 3203069 1526887 2067979  1780008  2772930   710511  1336792 2801873  3022727
              64      32  528618 1279447  3791156  3541098 4274062 1879725 2561267  1991276  3203069   829001  1679761 3406295  3791156
              64      64  566551 1163036  3791156  3791156 4897948 2133730 2689580  2052169  2467108   855419  1392258 3541098  3738358
             128       4  400110  800337  1833539  1772988 1440082  743788 1217930   914904  1281909   526961   805138 1710838  1504659
             128       8  472262 1102844  2608629  2511022 2367096 1196221 1802755  1409828  2166499   699227  1102844 2511022  2558895
             128      16  533241 1266785  3560017  3277486 3560017 1663139 2571150  1939522  3218540   821147  1217930 3297617  3445772
             128      32  637004 1663139  2784517  4135958 4557257 2035099 3199360  2286447  4012317   836500  1802755 3867787  4135958
             128      64  601330 1827299  3124872  4407601 4889281 2248149 3445772  2464907  4267461   908709  2464907 4012317  4267461
             128     128  771581 1905110  4407601  4596273 6114306 2420455 3759450  2326073  4135958  1032829  1878447 4267461  4557257
             256       4  429530  855703  1855098  1868008 1455317  626159 1108314   570288  1340826   439912   735537 1607865  1817419
             256       8  622890 1254656  2812272  2783115 2392442  817898 2065659  1384034  2135500   766517  1219045 2726577  2783115
             256      16  709299 1148625  3326279  3654598 3605511 1629830 2699161  1985448  3557725   632056  1543163 3285566  3605511
             256      32  761623 1790149  4054829  4054829 4496299 2000242 3410808  2305128  4132864  1049800  1814348 3823789  4117018
             256      64  831194 1967260  4264168  4404088 5022044 2285501 3770085  2613746  4840911  1185399  2077650 4132864  4404088
             256     128  861885 2045979  3994490  4572895 5217259 1696795 3879045  2504028  4819184  1093639  2170027 3994490  4819184
             256     256  831194 2000242  4350555  4404088 4652146 2266207 3770085  1570244  4197489  1112909  2030503 4132864  4734192
             512       4  459177  869494  1882427  1882427 1411141  723105 1340664   932550  1350783   568146   860781 1801873  1848401
             512       8  651580 1276132  2830083  2841317 2350044 1210664 2141475  1442420  2198475   690996  1230786 2722449  2796910
             512      16  768658 1684557  3815675  3842988 3346002 1635797 3046915  2014892  3182373   918982  1562027 3684733  3849877
             512      32  803757 1861217  4228947  4271001 4068701 1895721 3634839  2402629  4571003  1049187  1640796 4091959  4271001
             512      64  881269 2097550  4571003  4701087 4571003 2132967 4091959  2736325  5344582  1127995  1968713 4262523  4701087
             512     128  792486 2116152  4340054  4447925 4384358 2124526 3934520  2782414  5439343  1237168  2216629 4195896  4375425
             512     256  887094 2063289  4163357  4340054 4262523 2107844 3913012  2452009  4532414  1139970  2942541 4123387  4485083
             512     512  899731 1875849  3710197  3710197 3580298 1938502 3201349  1990612  3431550  1094088  1902438 3431550  3459188
            1024       4  475380  855604  1828574  1838751 1341839  758050 1166221   803127  1326096   544438   773476 1307923  1802483
            1024       8  508231 1247157  2437821  2758833 2174880 1146607 2150918  1121458  2173780   699414  1199106 2192645  2791104
            1024      16  636027 1640674  3483896  3655895 3121783 1590254 2968586  2043465  3020783   712171  1506051 3411938  3709575
            1024      32  694214 1744641  4064103  3894582 3709575 1851434 3469823  2467229  3709575   725770  1617808 3751699  4095102
            1024      64  739898 1961346  4064103  4356809 4048778 1992279 3778101  2789291  5417427   794951  1738989 3951918  4304412
            1024     128  725157 2015654  4130547  4339202 3880507 2125373 3923040  2892612  5277632   891848  1845071 4064103  4392454
            1024     256  762491 1988589  3866533  4126579 4079544 2128533 3751699  2454539  4470172  1009676  2010935 3709575  4146499
            1024     512  768219 1679160  3379719  3567824 3631168 1965834 3241960  2008114  3436508   879790  2343383 3101494  3369115
            1024    1024  732453 1735476  3074849  3261656 3345496 1865101 3012308  1872419  3074849   806899  1727102 3029305  3379719
            2048       4  449034  814612  1548069  1835140 1322178  757168 1187142   928761  1335955   518596   776048 1531781  1732608
            2048       8  584476 1176412  2473485  1897990 1680082 1147343 1779262  1426234  2181401   719617  1149954 2142232  2734075
            2048      16  693754 1545562  3094573  3506373 3060395 1563282 2635914  2031771  3108009   854396  1384846 3038742  3638560
            2048      32  758506 1762469  3507805  3908414 3696494 1870302 3030166  2534797  3598924   923767  1570427 3418463  4112366
            2048      64  805069 1860176  3757946  4347560 3984558 2060032 3465352  2852087  4021870   978931  1658350 3579429  4301837
            2048     128  774858 1873974  3624742  4338776 4104506 2056087 3447273  2892423  6058611  1000947  1678768 2967361  4267642
            2048     256  809774 1613798  3334853  4008732 4008732 2083516 3312988  2681165  5119743   982739  1673209 3336148  3984558
            2048     512  830843 1728424  3048448  3436240 3419824 1984365 3043048  2133188  3463954  1120990  1671907 3034448  3425279
            2048    1024  814922 1689998  2872113  3341339 3476572 1952344 2443928  2096227  3459769   869267  1761024 2293214  3286370
            2048    2048  736966  998503  1478778  1872340 2438378 1410543 1780738  1529599  1530689   939118  1347270 1948358  1976603
            4096       4  437750  660210  1100229  1517548 1187537  671487  988211   816580  1125898   412691   603420 1150555  1517146
            4096       8  610431  881615  1511406  2081196 2059243 1037193 1476592  1325218  1948757   650560   834914 1340312  2381196
            4096      16  725967 1100793  1635118  2359610 2813233 1431559 1891055  1963681  2605850   814489   967890 1672526  3182161
            4096      32  777974 1110613  1850719  3754501 3133979 1780148 2114756  2509913  3256349   898209  1101640 1718707  3077282
            4096      64  809614 1322565  1948757  3737349 3305851 1877005 2234690  2784507  3390670   961983  1096087 1562117  3605576
            4096     128  842984 1310759  1867822  3710710 3904688 1957863 2144586  2989464  3376675   938800  1169668 1533532  3077282
            4096     256  859044 1374520  1992144  2992067 3199942 1930147 2312601  2639075  4649735   857629  1039326 1651464  3503374
            4096     512  766622 1280378  1770973  2972395 3290024 1492240 1864376  2088533  2712836   849823  1155430 1616349  2805423
            4096    1024  786019 1202583  1732574  2445252 3020473 1635118 1967504  2046975  3300136   900846  1053992 1681365  2045756
            4096    2048  758533 1179708  1663780  1766239 2494244 1211829 1441771  1363069  2642729   691543  1333343 1390766  1777937
            4096    4096  634533  917982  1234469  1272035 1287671  925200 1215774   973429  1222348   685062   886620 1221218  1292613
            8192       4  440143  614325   998051  1081453  957234  564071  868068   916949   933034   455924   576817  986277  1068771
            8192       8  552311  802032  1200641  1317029 1326640  767698 1182095  1440732  1312151   578331   734044 1197503  1305520
            8192      16  651186  895488  1326026  1470199 1622824  925968 1344498  2082306  1574199   661122   843332 1323166  1496842
            8192      32  694587  998283  1397998  1519817 1776265 1048646 1555315  2551249  1611332   712225   907192 1524943  1550053
            8192      64  759082 1077350  1534409  1602838 1833027 1081589 1477914  2818958  1813197   714075   914484 1382140  1448079
            8192     128  743575 1080875  1458466  1522646 1794166 1106565 1591037  3058874  1826498   766893   946841 1412422  1525553
            8192     256  744735 1087925  1477342  1513391 1863143 1099026 1579263  2624722  2050005   745689   958810 1449912  1547122
            8192     512  743446 1046633  1442304  1511128 1769314 1079042 1569668  2139353  3422010   775233   955105 1471269  1526095
            8192    1024  738810 1054309  1423659  1487060 1543577 1037218 1549704  2085592  3332724   730967   876975 1417316  1478931
            8192    2048  704211  981179  1352702  1347186 1518474  994038 1406871  1474742  2001405   733261   899144 1382640  1389911
            8192    4096  623772  840383  1282998  1259530 1255480  913584 1286601   996373  1249544   685470  1290661 1201355  1199259
            8192    8192  579551  742563   968321   977912  989486  743575  957554   749021   979333   593670   750183  977217  1000347

iozone test complete.
